787.5 37.5
787.5 62.5
762.5 87.5
762.5 112.5
737.5 137.5
737.5 162.5
712.5 187.5
687.5 212.5
687.5 237.5
662.5 262.5
662.5 287.5
637.5 312.5
612.5 337.5
587.5 362.5
562.5 362.5
537.5 387.5
512.5 412.5
487.5 412.5
462.5 437.5
437.5 437.5
412.5 462.5
387.5 487.5
362.5 487.5
337.5 512.5
312.5 512.5
287.5 512.5
262.5 512.5
237.5 512.5
212.5 487.5
187.5 487.5
162.5 462.5
137.5 437.5
112.5 412.5
112.5 387.5
112.5 362.5
87.5 337.5
87.5 312.5
87.5 287.5
87.5 262.5
87.5 237.5
62.5 212.5
62.5 187.5
62.5 162.5
62.5 137.5
87.5 112.5
112.5 87.5
137.5 87.5
162.5 87.5
187.5 62.5
212.5 62.5
237.5 62.5
262.5 87.5
287.5 87.5
312.5 87.5
337.5 112.5
362.5 112.5
387.5 137.5
412.5 162.5
437.5 187.5
462.5 212.5
487.5 237.5
487.5 262.5
512.5 287.5
537.5 312.5
562.5 337.5
587.5 337.5
612.5 362.5
637.5 387.5
662.5 412.5
687.5 412.5
712.5 437.5
737.5 462.5
762.5 462.5
